[ESTRUCTURA]
[INFO]
1,1
[META]
[/META]
[REJILLA]
64,64,32,32,8,8,0
[CELDAS]
2,2,13 3,2,14 4,2,14 5,2,14 6,2,14 7,2,14 8,2,14 9,2,14 10,2,15 2,3,16 3,3,1 4,3,2 5,3,2 6,3,2 7,3,2 8,3,2 9,3,3 10,3,16 2,4,16 3,4,5 4,4,6 5,4,6 6,4,6 7,4,6 8,4,6 9,4,7 10,4,16 2,5,16 3,5,9 4,5,10 5,5,10 6,5,10 7,5,10 8,5,10 9,5,11 10,5,16 2,6,16 3,6,19 4,6,19 5,6,19 6,6,19 7,6,19 8,6,19 9,6,19 10,6,16 2,7,16 3,7,21 4,7,21 5,7,21 6,7,21 7,7,21 8,7,21 9,7,21 10,7,16 2,8,16 3,8,20 4,8,20 5,8,20 6,8,20 7,8,20 8,8,20 9,8,20 10,8,16 2,9,16 3,9,20 4,9,20 5,9,20 6,9,20 7,9,20 8,9,20 9,9,20 10,9,16 2,10,13 3,10,14 4,10,14 5,10,14 6,10,14 7,10,14 8,10,14 9,10,14 10,10,15
[LOGICA]
0
[OBJETOS]
1,96,192,1,32
2,256,256,1
[/ESTRUCTURA]
